








Frequency of observations in the selected location(s).:
Number of taxa: 	149

	Jan				Feb				Mar				Apr				May				Jun				Jul				Aug				Sep				Oct				Nov				Dec				
Sample Size:	15.0	18.0	19.0	26.0	15.0	18.0	20.0	9.0	16.0	16.0	10.0	15.0	15.0	12.0	12.0	13.0	4.0	7.0	8.0	16.0	2.0	2.0	5.0	6.0	3.0	1.0	7.0	4.0	0.0	5.0	3.0	5.0	8.0	6.0	9.0	13.0	17.0	11.0	9.0	9.0	16.0	13.0	12.0	13.0	17.0	10.0	4.0	3.0	

Greater White-fronted Goose (<em class="sci">Anser albifrons</em>)	0.0	0.0	0.0	0.0	0.0	0.0	0.0	0.0	0.0	0.0	0.0	0.0	0.0	0.0	0.0	0.0	0.0	0.0	0.0	0.0	0.0	0.0	0.0	0.0	0.0	0.0	0.0	0.0	0.0	0.0	0.0	0.0	0.0	0.0	0.0	0.0	0.17647058823529413	0.18181818181818182	0.0	0.1111111111111111	0.0	0.0	0.0	0.0	0.0	0.0	0.0	0.0	
Snow Goose (<em class="sci">Chen caerulescens</em>)	0.0	0.0	0.0	0.0	0.0	0.0	0.0	0.0	0.0	0.0	0.0	0.0	0.0	0.0	0.08333333333333333	0.23076923076923078	0.0	0.0	0.0	0.0	0.0	0.0	0.0	0.0	0.0	0.0	0.0	0.0	0.0	0.0	0.0	0.0	0.0	0.0	0.0	0.0	0.0	0.0	0.1111111111111111	0.0	0.0	0.0	0.0	0.0	0.0	0.0	0.0	0.0	
Cackling Goose (<em class="sci">Branta hutchinsii</em>)	0.0	0.0	0.0	0.0	0.0	0.0	0.0	0.0	0.0	0.0	0.0	0.06666666666666667	0.0	0.0	0.0	0.0	0.0	0.0	0.125	0.0	0.0	0.0	0.0	0.0	0.0	0.0	0.0	0.0	0.0	0.0	0.0	0.0	0.0	0.0	0.0	0.0	0.0	0.0	0.0	0.0	0.0	0.0	0.0	0.0	0.0	0.0	0.0	0.0	
Canada Goose (<em class="sci">Branta canadensis</em>)	0.0	0.0	0.0	0.0	0.0	0.1111111111111111	0.2	0.0	0.125	0.3125	0.3	0.13333333333333333	0.3333333333333333	0.4166666666666667	0.08333333333333333	0.23076923076923078	0.75	0.2857142857142857	0.125	0.375	0.0	0.0	0.2	0.0	0.0	0.0	0.0	0.0	0.0	0.0	0.0	0.0	0.0	0.16666666666666666	0.2222222222222222	0.07692307692307693	0.058823529411764705	0.0	0.1111111111111111	0.0	0.0625	0.07692307692307693	0.0	0.0	0.0	0.0	0.0	0.0	
Trumpeter Swan (<em class="sci">Cygnus buccinator</em>)	0.0	0.0	0.0	0.0	0.0	0.0	0.0	0.0	0.0	0.125	0.0	0.0	0.06666666666666667	0.0	0.08333333333333333	0.0	0.0	0.0	0.0	0.0	0.0	0.0	0.0	0.0	0.0	0.0	0.0	0.0	0.0	0.0	0.0	0.0	0.0	0.0	0.0	0.0	0.0	0.0	0.0	0.1111111111111111	0.125	0.0	0.0	0.0	0.0	0.0	0.0	0.0	
Wood Duck (<em class="sci">Aix sponsa</em>)	0.2	0.0	0.0	0.0	0.0	0.0	0.0	0.0	0.0	0.0625	0.0	0.0	0.06666666666666667	0.08333333333333333	0.0	0.0	0.0	0.0	0.0	0.0625	0.0	0.0	0.2	0.0	0.0	0.0	0.0	0.0	0.0	0.0	0.0	0.0	0.0	0.3333333333333333	0.2222222222222222	0.0	0.0	0.09090909090909091	0.0	0.0	0.0625	0.0	0.08333333333333333	0.0	0.0	0.1	0.25	0.0	
Gadwall (<em class="sci">Anas strepera</em>)	0.0	0.0	0.0	0.0	0.0	0.05555555555555555	0.0	0.0	0.0	0.0	0.0	0.0	0.0	0.0	0.0	0.0	0.0	0.0	0.0	0.0625	0.0	0.0	0.0	0.0	0.0	0.0	0.0	0.0	0.0	0.0	0.0	0.0	0.0	0.0	0.0	0.07692307692307693	0.0	0.0	0.0	0.1111111111111111	0.125	0.0	0.0	0.07692307692307693	0.0	0.0	0.0	0.0	
Eurasian Wigeon (<em class="sci">Anas penelope</em>)	0.6	0.7777777777777778	0.8421052631578947	0.4230769230769231	0.6666666666666666	0.6111111111111112	0.55	0.3333333333333333	0.4375	0.75	0.7	0.26666666666666666	0.2	0.0	0.0	0.0	0.0	0.0	0.0	0.0	0.0	0.0	0.0	0.0	0.0	0.0	0.0	0.0	0.0	0.0	0.0	0.0	0.0	0.0	0.0	0.0	0.0	0.0	0.0	0.0	0.0625	0.15384615384615385	0.75	0.7692307692307693	0.4117647058823529	0.4	1.0	0.3333333333333333	
American Wigeon (<em class="sci">Anas americana</em>)	1.0	1.0	0.9473684210526315	0.9230769230769231	1.0	1.0	1.0	0.8888888888888888	1.0	1.0	1.0	1.0	1.0	1.0	0.9166666666666666	0.9230769230769231	0.5	0.14285714285714285	0.0	0.125	0.0	0.0	0.0	0.0	0.0	0.0	0.0	0.0	0.0	0.0	0.0	0.2	0.0	0.16666666666666666	0.0	0.07692307692307693	0.11764705882352941	0.2727272727272727	0.6666666666666666	0.6666666666666666	0.8125	1.0	1.0	1.0	1.0	1.0	1.0	1.0	
Eurasian x American Wigeon (hybrid) (<em class="sci">Anas penelope x americana</em>)	0.0	0.05555555555555555	0.0	0.038461538461538464	0.0	0.0	0.0	0.0	0.0	0.0	0.0	0.0	0.0	0.0	0.0	0.0	0.0	0.0	0.0	0.0	0.0	0.0	0.0	0.0	0.0	0.0	0.0	0.0	0.0	0.0	0.0	0.0	0.0	0.0	0.0	0.0	0.0	0.0	0.0	0.0	0.0	0.0	0.0	0.0	0.0	0.0	0.0	0.0	
Mallard (<em class="sci">Anas platyrhynchos</em>)	1.0	1.0	0.9473684210526315	0.8461538461538461	0.9333333333333333	1.0	1.0	0.8888888888888888	1.0	1.0	1.0	1.0	1.0	1.0	1.0	1.0	1.0	1.0	1.0	1.0	1.0	1.0	1.0	1.0	1.0	1.0	0.8571428571428571	1.0	0.0	1.0	1.0	1.0	0.875	1.0	1.0	1.0	1.0	0.9090909090909091	1.0	1.0	0.875	1.0	1.0	1.0	1.0	1.0	1.0	1.0	
Blue-winged Teal (<em class="sci">Anas discors</em>)	0.0	0.0	0.0	0.0	0.0	0.0	0.0	0.0	0.0	0.0	0.0	0.0	0.0	0.0	0.0	0.0	0.0	0.0	0.0	0.0625	0.0	0.0	0.0	0.0	0.0	0.0	0.0	0.0	0.0	0.0	0.0	0.0	0.0	0.0	0.0	0.0	0.0	0.0	0.0	0.0	0.0	0.0	0.0	0.0	0.0	0.0	0.0	0.0	
Northern Shoveler (<em class="sci">Anas clypeata</em>)	0.8666666666666667	0.8333333333333334	0.9473684210526315	0.9230769230769231	0.8666666666666667	0.9444444444444444	0.95	0.8888888888888888	1.0	1.0	1.0	0.8	0.7333333333333333	0.5833333333333334	0.5833333333333334	0.7692307692307693	0.25	0.2857142857142857	0.0	0.0	0.0	0.0	0.0	0.0	0.0	0.0	0.0	0.0	0.0	0.0	0.0	0.0	0.125	0.0	0.0	0.15384615384615385	0.11764705882352941	0.18181818181818182	0.1111111111111111	0.1111111111111111	0.75	0.6923076923076923	0.9166666666666666	1.0	0.8235294117647058	0.8	1.0	0.6666666666666666	
Northern Pintail (<em class="sci">Anas acuta</em>)	0.0	0.0	0.0	0.0	0.0	0.05555555555555555	0.0	0.0	0.0	0.0	0.0	0.06666666666666667	0.0	0.0	0.0	0.0	0.0	0.0	0.0	0.0	0.0	0.0	0.0	0.0	0.0	0.0	0.0	0.0	0.0	0.0	0.0	0.4	0.125	0.0	0.0	0.0	0.0	0.0	0.0	0.0	0.0	0.07692307692307693	0.0	0.0	0.0	0.0	0.0	0.0	
Green-winged Teal (<em class="sci">Anas crecca</em>)	0.0	0.0	0.0	0.038461538461538464	0.0	0.16666666666666666	0.1	0.0	0.0	0.0	0.0	0.0	0.0	0.0	0.0	0.0	0.0	0.0	0.0	0.0	0.0	0.0	0.0	0.0	0.0	0.0	0.0	0.0	0.0	0.0	0.0	0.2	0.125	0.16666666666666666	0.2222222222222222	0.15384615384615385	0.058823529411764705	0.18181818181818182	0.1111111111111111	0.2222222222222222	0.0625	0.07692307692307693	0.0	0.07692307692307693	0.0	0.0	0.0	0.0	
Ring-necked Duck (<em class="sci">Aythya collaris</em>)	0.2	0.3333333333333333	0.42105263157894735	0.6923076923076923	0.26666666666666666	0.3888888888888889	0.35	0.6666666666666666	0.3125	0.125	0.2	0.3333333333333333	0.0	0.4166666666666667	0.3333333333333333	0.15384615384615385	0.5	0.2857142857142857	0.25	0.0	0.0	0.0	0.0	0.0	0.0	0.0	0.0	0.0	0.0	0.0	0.0	0.0	0.0	0.0	0.0	0.0	0.23529411764705882	0.18181818181818182	0.1111111111111111	0.1111111111111111	0.375	0.5384615384615384	0.75	0.6923076923076923	0.17647058823529413	0.5	1.0	0.3333333333333333	
Lesser Scaup (<em class="sci">Aythya affinis</em>)	0.26666666666666666	0.1111111111111111	0.3684210526315789	0.23076923076923078	0.2	0.3333333333333333	0.4	0.5555555555555556	0.4375	0.4375	0.6	0.4	0.4666666666666667	0.5833333333333334	0.5	0.5384615384615384	0.0	0.14285714285714285	0.0	0.0	0.0	0.0	0.0	0.0	0.0	0.0	0.0	0.0	0.0	0.0	0.0	0.0	0.0	0.0	0.0	0.0	0.0	0.0	0.0	0.0	0.0	0.0	0.08333333333333333	0.0	0.0	0.0	0.0	0.0	
Greater/Lesser Scaup (<em class="sci">Aythya marila/affinis</em>)	0.0	0.0	0.0	0.0	0.0	0.0	0.05	0.1111111111111111	0.0	0.0	0.1	0.0	0.0	0.08333333333333333	0.0	0.07692307692307693	0.0	0.0	0.0	0.0	0.0	0.0	0.0	0.0	0.0	0.0	0.0	0.0	0.0	0.0	0.0	0.0	0.0	0.0	0.0	0.0	0.0	0.0	0.0	0.0	0.0	0.0	0.0	0.07692307692307693	0.0	0.0	0.0	0.0	
Bufflehead (<em class="sci">Bucephala albeola</em>)	0.26666666666666666	0.3333333333333333	0.3157894736842105	0.38461538461538464	0.4	0.6111111111111112	0.35	0.4444444444444444	0.1875	0.4375	0.8	0.6666666666666666	0.6	0.5833333333333334	0.75	0.6153846153846154	0.0	0.14285714285714285	0.0	0.125	0.0	0.0	0.0	0.0	0.0	0.0	0.0	0.0	0.0	0.0	0.0	0.0	0.0	0.0	0.0	0.0	0.0	0.09090909090909091	0.1111111111111111	0.1111111111111111	0.3125	0.3076923076923077	0.25	0.6923076923076923	0.47058823529411764	0.3	0.25	0.6666666666666666	
Common Goldeneye (<em class="sci">Bucephala clangula</em>)	0.0	0.0	0.0	0.0	0.06666666666666667	0.0	0.0	0.0	0.0	0.0625	0.0	0.0	0.0	0.0	0.0	0.0	0.0	0.0	0.0	0.0	0.0	0.0	0.0	0.0	0.0	0.0	0.0	0.0	0.0	0.0	0.0	0.0	0.0	0.0	0.0	0.0	0.0	0.0	0.0	0.0	0.0625	0.0	0.0	0.0	0.0	0.1	0.0	0.0	
Barrow's Goldeneye (<em class="sci">Bucephala islandica</em>)	0.0	0.0	0.0	0.0	0.0	0.0	0.0	0.0	0.0	0.0	0.0	0.0	0.0	0.0	0.0	0.0	0.0	0.0	0.0	0.0	0.0	0.0	0.0	0.0	0.0	0.0	0.0	0.0	0.0	0.0	0.0	0.0	0.0	0.0	0.0	0.0	0.0	0.0	0.0	0.1111111111111111	0.0	0.0	0.0	0.0	0.0	0.0	0.0	0.0	
Hooded Merganser (<em class="sci">Lophodytes cucullatus</em>)	0.6	0.5	0.2631578947368421	0.6153846153846154	0.3333333333333333	0.4444444444444444	0.3	0.6666666666666666	0.4375	0.3125	0.1	0.06666666666666667	0.06666666666666667	0.08333333333333333	0.0	0.15384615384615385	0.0	0.14285714285714285	0.0	0.0	0.0	0.0	0.2	0.0	0.0	0.0	0.2857142857142857	0.25	0.0	0.0	0.0	0.0	0.0	0.0	0.0	0.0	0.0	0.0	0.0	0.0	0.375	0.38461538461538464	0.6666666666666666	0.5384615384615384	0.4117647058823529	0.4	0.5	0.3333333333333333	
Common Merganser (<em class="sci">Mergus merganser</em>)	0.8666666666666667	0.7777777777777778	0.8421052631578947	0.9615384615384616	0.6	0.7222222222222222	0.55	0.2222222222222222	0.125	0.1875	0.0	0.13333333333333333	0.06666666666666667	0.0	0.0	0.07692307692307693	0.0	0.0	0.0	0.0	0.0	0.0	0.0	0.0	0.0	0.0	0.0	0.0	0.0	0.0	0.0	0.0	0.0	0.0	0.0	0.0	0.0	0.0	0.0	0.0	0.1875	0.46153846153846156	0.4166666666666667	0.8461538461538461	0.35294117647058826	0.2	0.75	0.3333333333333333	
Ruddy Duck (<em class="sci">Oxyura jamaicensis</em>)	0.0	0.0	0.0	0.0	0.0	0.0	0.0	0.0	0.0	0.25	0.0	0.0	0.06666666666666667	0.08333333333333333	0.0	0.0	0.0	0.0	0.0	0.0	0.0	0.0	0.0	0.0	0.0	0.0	0.0	0.0	0.0	0.0	0.0	0.0	0.0	0.0	0.0	0.0	0.0	0.0	0.0	0.0	0.0	0.0	0.0	0.0	0.0	0.0	0.0	0.0	
Red-throated Loon (<em class="sci">Gavia stellata</em>)	0.0	0.0	0.0	0.0	0.0	0.0	0.0	0.0	0.0	0.0	0.0	0.0	0.0	0.0	0.0	0.0	0.5	0.0	0.0	0.0	0.0	0.0	0.0	0.0	0.0	0.0	0.0	0.0	0.0	0.0	0.0	0.0	0.0	0.0	0.0	0.0	0.0	0.0	0.0	0.0	0.0	0.0	0.0	0.0	0.0	0.0	0.0	0.0	
Pied-billed Grebe (<em class="sci">Podilymbus podiceps</em>)	0.9333333333333333	0.6111111111111112	0.7894736842105263	0.6153846153846154	0.6666666666666666	0.7222222222222222	0.75	0.7777777777777778	0.5625	0.8125	0.9	0.6	0.7333333333333333	0.5833333333333334	0.5	0.3076923076923077	0.5	0.5714285714285714	0.125	0.125	0.0	0.0	0.0	0.0	0.0	0.0	0.2857142857142857	0.0	0.0	0.0	0.0	0.4	0.75	1.0	1.0	0.9230769230769231	0.9411764705882353	1.0	0.8888888888888888	1.0	0.8125	0.9230769230769231	1.0	0.7692307692307693	0.35294117647058826	0.5	0.75	0.6666666666666666	
Red-necked Grebe (<em class="sci">Podiceps grisegena</em>)	0.0	0.0	0.0	0.0	0.0	0.0	0.0	0.0	0.0	0.0	0.0	0.0	0.0	0.0	0.0	0.0	0.0	0.0	0.0	0.0	0.0	0.0	0.0	0.0	0.0	0.0	0.0	0.0	0.0	0.0	0.0	0.0	0.0	0.0	0.0	0.0	0.0	0.0	0.0	0.0	0.0	0.0	0.0	0.0	0.0015	0.0	0.0	0.0	
Double-crested Cormorant (<em class="sci">Phalacrocorax auritus</em>)	0.4	0.3888888888888889	0.631578947368421	0.6923076923076923	0.4666666666666667	0.7777777777777778	0.7	0.6666666666666666	0.9375	0.75	0.5	0.8	0.6	0.6666666666666666	0.5	0.15384615384615385	0.25	0.42857142857142855	0.25	0.3125	0.5	0.5	0.4	0.3333333333333333	0.6666666666666666	0.0	0.2857142857142857	0.0	0.0	0.4	0.0	0.2	0.25	0.0	0.2222222222222222	0.15384615384615385	0.0	0.18181818181818182	0.2222222222222222	0.2222222222222222	0.125	0.3076923076923077	0.3333333333333333	0.38461538461538464	0.0	0.0	0.25	0.3333333333333333	
Pelagic Cormorant (<em class="sci">Phalacrocorax pelagicus</em>)	0.0	0.0	0.0	0.0	0.06666666666666667	0.0	0.0	0.0	0.0	0.0	0.0	0.0	0.0	0.0	0.0	0.0	0.0	0.0	0.0	0.0	0.0	0.0	0.0	0.0	0.0	0.0	0.0	0.0	0.0	0.0	0.0	0.0	0.0	0.0	0.0	0.0	0.0	0.0	0.0	0.0	0.0	0.0	0.0	0.0	0.0	0.0	0.0	0.0	
Great Blue Heron (<em class="sci">Ardea herodias</em>)	0.2	0.2222222222222222	0.3157894736842105	0.15384615384615385	0.4	0.4444444444444444	0.05	0.2222222222222222	0.0625	0.125	0.4	0.5333333333333333	0.26666666666666666	0.16666666666666666	0.16666666666666666	0.3076923076923077	0.5	0.8571428571428571	0.125	0.25	0.5	0.0	0.2	0.0	0.0	0.0	0.0	0.0	0.0	0.2	0.0	0.0	0.0	0.0	0.0	0.07692307692307693	0.058823529411764705	0.0	0.2222222222222222	0.4444444444444444	0.0625	0.23076923076923078	0.08333333333333333	0.3076923076923077	0.29411764705882354	0.1	0.5	0.3333333333333333	
Green Heron (<em class="sci">Butorides virescens</em>)	0.0	0.0	0.0	0.0	0.0	0.0	0.0	0.0	0.0	0.0	0.0	0.0	0.0	0.0	0.0	0.0	0.0	0.0	0.0	0.0	0.0	0.0	0.0	0.0	0.0	0.0	0.0	0.0	0.0	0.2	0.0	0.0	0.0	0.0	0.0	0.0	0.0	0.0	0.0	0.0	0.0	0.0	0.0	0.0	0.0	0.0	0.0	0.0	
Turkey Vulture (<em class="sci">Cathartes aura</em>)	0.0	0.0	0.0	0.0	0.0	0.0	0.0	0.0	0.0	0.0625	0.0	0.0	0.0	0.0	0.08333333333333333	0.0	0.0	0.0	0.0	0.0	0.0	0.0	0.0	0.0	0.0	0.0	0.0	0.0	0.0	0.0	0.0	0.0	0.0	0.0	0.0	0.0	0.0015	0.0	0.0	0.0	0.0	0.0	0.0	0.0	0.0	0.0	0.0	0.0	
Osprey (<em class="sci">Pandion haliaetus</em>)	0.0	0.0	0.0	0.0	0.0	0.0	0.0	0.0	0.0	0.0	0.0	0.0	0.0	0.0	0.08333333333333333	0.0	0.0	0.14285714285714285	0.0	0.0625	0.0	0.0	0.2	0.0	0.0	0.0	0.0	0.0	0.0	0.0	0.0	0.0	0.125	0.0	0.1111111111111111	0.0	0.0	0.0	0.0	0.0	0.0	0.0	0.0	0.0	0.0	0.0	0.0	0.0	
Sharp-shinned Hawk (<em class="sci">Accipiter striatus</em>)	0.0	0.0	0.0	0.038461538461538464	0.0	0.05555555555555555	0.0	0.0	0.0625	0.0	0.0	0.06666666666666667	0.0	0.0	0.0	0.0	0.0	0.0	0.125	0.0	0.0	0.0	0.0	0.0	0.0	0.0	0.0	0.0	0.0	0.0	0.0	0.0	0.125	0.0	0.0	0.0	0.058823529411764705	0.09090909090909091	0.0	0.0	0.0	0.0	0.0	0.0	0.0	0.0	0.0	0.0	
Cooper's Hawk (<em class="sci">Accipiter cooperii</em>)	0.0	0.05555555555555555	0.0	0.038461538461538464	0.0	0.0015	0.1	0.0	0.0	0.0	0.0	0.26666666666666666	0.13333333333333333	0.08333333333333333	0.08333333333333333	0.07692307692307693	0.25	0.0	0.0	0.0625	0.0	0.0	0.0	0.0	0.0	0.0	0.0	0.0	0.0	0.0	0.3333333333333333	0.0	0.125	0.5	0.4444444444444444	0.15384615384615385	0.17647058823529413	0.0	0.2222222222222222	0.1111111111111111	0.0625	0.0	0.0	0.0	0.17647058823529413	0.0	0.5	0.0	
Sharp-shinned/Cooper's Hawk (<em class="sci">Accipiter striatus/cooperii</em>)	0.0	0.0	0.0	0.0	0.0	0.0	0.0	0.0	0.0625	0.0	0.0	0.0	0.0	0.0	0.0	0.0	0.0	0.0	0.0	0.0	0.0	0.0	0.0	0.0	0.0	0.0	0.0	0.0	0.0	0.0	0.0	0.0	0.0	0.0	0.0	0.0	0.0	0.0	0.0	0.0	0.0	0.0	0.0	0.0	0.0	0.0	0.0	0.0	
Bald Eagle (<em class="sci">Haliaeetus leucocephalus</em>)	0.3333333333333333	0.2777777777777778	0.3157894736842105	0.23076923076923078	0.3333333333333333	0.4444444444444444	0.3	0.4444444444444444	0.25	0.1875	0.2	0.4666666666666667	0.06666666666666667	0.0	0.16666666666666666	0.0	0.0	0.2857142857142857	0.25	0.125	0.5	0.0	0.2	0.0	0.0	0.0	0.2857142857142857	0.0	0.0	0.0	0.0	0.0	0.0	0.0	0.0	0.0	0.11764705882352941	0.0	0.1111111111111111	0.1111111111111111	0.0625	0.07692307692307693	0.0	0.15384615384615385	0.35294117647058826	0.1	0.75	0.6666666666666666	
Red-tailed Hawk (<em class="sci">Buteo jamaicensis</em>)	0.06666666666666667	0.0	0.0	0.0	0.0	0.0	0.0	0.1111111111111111	0.0	0.0625	0.0	0.0	0.06666666666666667	0.0	0.0	0.0	0.0	0.0	0.0	0.0	0.0	0.0	0.0	0.0	0.0	0.0	0.0	0.0	0.0	0.0	0.0	0.0	0.0	0.0	0.0	0.0	0.0	0.0	0.0	0.0	0.0	0.0	0.0	0.0	0.0	0.1	0.0	0.0	
hawk sp. (<em class="sci">Accipitridae sp.</em>)	0.0	0.0	0.0	0.0	0.0	0.0	0.0	0.0	0.0	0.0	0.0	0.0	0.0	0.0	0.0	0.0	0.0	0.0	0.0	0.0	0.0	0.0	0.0	0.0	0.0	0.0	0.0	0.0	0.0	0.0	0.0	0.2	0.0	0.0	0.0	0.0	0.0	0.0	0.0	0.0	0.0	0.0	0.0	0.0	0.0	0.0	0.0	0.0	
Virginia Rail (<em class="sci">Rallus limicola</em>)	0.06666666666666667	0.0	0.0	0.038461538461538464	0.06666666666666667	0.0	0.0	0.2222222222222222	0.125	0.125	0.2	0.06666666666666667	0.06666666666666667	0.0	0.08333333333333333	0.0	0.0	0.0	0.125	0.0	0.0	0.0	0.0	0.0	0.0	0.0	0.0	0.0	0.0	0.0	0.0	0.0	0.0	0.0	0.0	0.0	0.058823529411764705	0.0	0.0	0.1111111111111111	0.0	0.15384615384615385	0.08333333333333333	0.15384615384615385	0.058823529411764705	0.1	0.25	0.0	
American Coot (<em class="sci">Fulica americana</em>)	1.0	0.9444444444444444	0.9473684210526315	0.9230769230769231	1.0	1.0	0.95	0.8888888888888888	1.0	1.0	1.0	1.0	0.9333333333333333	0.9166666666666666	0.9166666666666666	0.8461538461538461	0.75	0.42857142857142855	0.0	0.0	0.0	0.0	0.0	0.0	0.0	0.0	0.0	0.0	0.0	0.0	0.0	0.0	0.125	0.6666666666666666	0.8888888888888888	0.8461538461538461	1.0	1.0	1.0	1.0	0.8125	1.0	1.0	1.0	0.9411764705882353	1.0	1.0	1.0	
Killdeer (<em class="sci">Charadrius vociferus</em>)	0.0	0.0	0.0	0.0	0.0	0.0	0.0	0.0	0.0	0.0	0.0	0.0	0.0	0.08333333333333333	0.0	0.0	0.0	0.2857142857142857	0.0	0.0	0.0	0.0	0.0	0.0	0.0	0.0	0.0	0.0015	0.0	0.0	0.0	0.0	0.0	0.0	0.0	0.0	0.0	0.0	0.0	0.0	0.0	0.0	0.0	0.0	0.0	0.0	0.0	0.0	
Spotted Sandpiper (<em class="sci">Actitis macularius</em>)	0.0	0.0	0.0	0.0	0.0	0.0	0.0	0.0	0.0	0.0	0.0	0.0	0.0	0.0	0.0	0.0	0.0	0.0	0.25	0.0	0.5	0.0	0.0	0.0	0.0	0.0	0.0	0.0	0.0	0.4	0.3333333333333333	0.0	0.0	0.16666666666666666	0.0	0.0	0.0	0.0	0.0	0.0	0.0	0.0	0.0	0.0	0.0	0.0	0.0	0.0	
Solitary Sandpiper (<em class="sci">Tringa solitaria</em>)	0.0	0.0	0.0	0.0	0.0	0.0	0.0	0.0	0.0	0.0	0.0	0.0	0.0	0.0	0.0	0.0	0.0	0.0	0.0	0.0	0.0	0.0	0.0	0.0	0.0	0.0	0.0	0.0	0.0	0.2	0.0	0.0	0.0	0.0	0.0	0.0	0.0	0.0	0.0	0.0	0.0	0.0	0.0	0.0	0.0	0.0	0.0	0.0	
Greater Yellowlegs (<em class="sci">Tringa melanoleuca</em>)	0.0	0.0	0.0	0.0	0.0	0.0	0.0	0.0	0.0625	0.0	0.0	0.0	0.0	0.0	0.0	0.0	0.0	0.0	0.0	0.0	0.0	0.0	0.0	0.0	0.0	0.0	0.0	0.0	0.0	0.0	0.0	0.0	0.0	0.0	0.1111111111111111	0.0	0.0	0.0	0.0	0.0	0.0	0.0	0.0	0.0	0.0	0.0	0.0	0.0	
Lesser Yellowlegs (<em class="sci">Tringa flavipes</em>)	0.0	0.0	0.0	0.0	0.0	0.0	0.0	0.0	0.0	0.0	0.0	0.0	0.0	0.0	0.0	0.0	0.0	0.0	0.0	0.0	0.0	0.0	0.0	0.0	0.0	0.0	0.0	0.0	0.0015	0.0	0.0	0.0	0.0	0.0	0.0	0.0	0.0	0.09090909090909091	0.0	0.0	0.0	0.0	0.0	0.0	0.0	0.0	0.0	0.0	
peep sp. (<em class="sci">Calidris sp. (peep sp.)</em>)	0.0	0.0	0.0	0.0	0.0	0.0	0.0	0.0	0.0	0.0	0.0	0.0	0.0	0.0	0.0	0.0	0.0	0.0	0.0	0.0	0.0	0.0	0.0	0.0	0.0	0.0	0.0	0.0	0.0	0.0	0.0	0.0	0.0	0.0	0.1111111111111111	0.0	0.0	0.0	0.0	0.0	0.0	0.0	0.0	0.0	0.0	0.0	0.0	0.0	
Long-billed Dowitcher (<em class="sci">Limnodromus scolopaceus</em>)	0.0	0.0	0.0	0.0	0.0	0.0	0.0	0.0	0.0	0.0	0.0	0.0	0.0	0.0	0.0	0.0	0.0	0.0	0.0	0.0625	0.0	0.0	0.0	0.0	0.0	0.0	0.0	0.0	0.0	0.0	0.0	0.0	0.0	0.0	0.0	0.0	0.0	0.09090909090909091	0.0	0.0	0.0	0.0	0.0	0.0	0.0	0.0	0.0	0.0	
Wilson's Snipe (<em class="sci">Gallinago delicata</em>)	0.0	0.0	0.0	0.0	0.0	0.0	0.0	0.0	0.0	0.0	0.0	0.0	0.0	0.0	0.0	0.0	0.0	0.0	0.125	0.0	0.0	0.0	0.0	0.0	0.0	0.0	0.0	0.0	0.0	0.0	0.0	0.0	0.0	0.0	0.0	0.0	0.0	0.09090909090909091	0.0	0.0	0.0	0.0	0.0	0.0	0.0	0.0	0.0	0.0	
Bonaparte's Gull (<em class="sci">Chroicocephalus philadelphia</em>)	0.0	0.0	0.0	0.0	0.0	0.0	0.05	0.0	0.0	0.0	0.0	0.0	0.0	0.0	0.0	0.0	0.0	0.0	0.0	0.0	0.0	0.0	0.0	0.0	0.0	0.0	0.0	0.0	0.0	0.0	0.0	0.0	0.0	0.0	0.0	0.0	0.0	0.0	0.0	0.0	0.0	0.0	0.0	0.0	0.0	0.0	0.0	0.0	
Mew Gull (<em class="sci">Larus canus</em>)	0.7333333333333333	0.8333333333333334	0.8421052631578947	0.7692307692307693	0.5333333333333333	0.7222222222222222	0.65	0.3333333333333333	0.75	0.3125	0.2	0.06666666666666667	0.13333333333333333	0.08333333333333333	0.25	0.0	0.0	0.0	0.0	0.0	0.0	0.0	0.0	0.0	0.0	0.0	0.0	0.0	0.0	0.0	0.0	0.0	0.0	0.0	0.0	0.0	0.0	0.0	0.0	0.7777777777777778	0.6875	0.46153846153846156	0.6666666666666666	0.7692307692307693	0.47058823529411764	0.5	1.0	0.0	
Ring-billed Gull (<em class="sci">Larus delawarensis</em>)	0.6666666666666666	0.8888888888888888	0.8947368421052632	0.9615384615384616	0.8	0.7777777777777778	0.9	0.7777777777777778	0.75	0.375	0.3	0.3333333333333333	0.06666666666666667	0.16666666666666666	0.08333333333333333	0.15384615384615385	0.0	0.0	0.0	0.0	0.0	0.0	0.0	0.0	0.0	0.0	0.0	0.0	0.0	0.0	0.0	0.0	0.0	0.0	0.1111111111111111	0.15384615384615385	0.4117647058823529	0.45454545454545453	0.2222222222222222	0.8888888888888888	0.625	1.0	1.0	0.9230769230769231	0.9411764705882353	0.8	0.75	0.6666666666666666	
Western Gull (<em class="sci">Larus occidentalis</em>)	0.06666666666666667	0.2222222222222222	0.21052631578947367	0.11538461538461539	0.13333333333333333	0.2222222222222222	0.0	0.2222222222222222	0.0	0.0	0.0	0.0	0.0	0.0	0.0	0.07692307692307693	0.0	0.0	0.0	0.0	0.0	0.0	0.0	0.0	0.0	0.0	0.0	0.0	0.0	0.0	0.0	0.0	0.0	0.0	0.0	0.0	0.0	0.09090909090909091	0.1111111111111111	0.1111111111111111	0.0625	0.23076923076923078	0.5	0.38461538461538464	0.5882352941176471	0.5	0.25	0.3333333333333333	
California Gull (<em class="sci">Larus californicus</em>)	0.8666666666666667	1.0	0.7894736842105263	0.8461538461538461	0.7333333333333333	0.7222222222222222	0.65	0.7777777777777778	0.8125	0.4375	0.0	0.26666666666666666	0.13333333333333333	0.16666666666666666	0.25	0.0	0.0	0.0	0.0	0.0	0.0	0.0	0.0	0.0	0.0	0.0	0.0	0.0	0.0	0.0	0.0	0.0	0.0	0.0	0.4444444444444444	0.23076923076923078	0.23529411764705882	0.5454545454545454	0.6666666666666666	0.7777777777777778	0.6875	0.6153846153846154	0.8333333333333334	1.0	0.6470588235294118	0.7	0.5	0.0	
Herring Gull (<em class="sci">Larus argentatus</em>)	0.0	0.0	0.0	0.038461538461538464	0.06666666666666667	0.0	0.05	0.0	0.0	0.0	0.0	0.0	0.0	0.0	0.0	0.0	0.0	0.0	0.0	0.0	0.0	0.0	0.0	0.0	0.0	0.0	0.0	0.0	0.0	0.0	0.0	0.0	0.0	0.0	0.0	0.0	0.0	0.0	0.0	0.0	0.125	0.0	0.08333333333333333	0.3076923076923077	0.0	0.0	0.0	0.0	
Thayer's Gull (<em class="sci">Larus thayeri</em>)	0.3333333333333333	0.1111111111111111	0.21052631578947367	0.07692307692307693	0.13333333333333333	0.1111111111111111	0.15	0.3333333333333333	0.0625	0.0625	0.0	0.0	0.0	0.0	0.0	0.0	0.0	0.0	0.0	0.0	0.0	0.0	0.0	0.0	0.0	0.0	0.0	0.0	0.0	0.0	0.0	0.0	0.0	0.0	0.0	0.0	0.0	0.0	0.0	0.0	0.0625	0.0	0.16666666666666666	0.15384615384615385	0.23529411764705882	0.1	0.0	0.3333333333333333	
Glaucous-winged Gull (<em class="sci">Larus glaucescens</em>)	0.8666666666666667	1.0	0.9473684210526315	0.9615384615384616	0.8666666666666667	0.9444444444444444	0.95	0.8888888888888888	0.9375	0.9375	1.0	1.0	0.9333333333333333	0.9166666666666666	0.9166666666666666	0.7692307692307693	1.0	1.0	1.0	0.875	1.0	1.0	0.8	0.8333333333333334	0.3333333333333333	1.0	1.0	0.75	0.0	1.0	1.0	1.0	0.875	1.0	1.0	1.0	1.0	1.0	1.0	1.0	0.8125	1.0	1.0	1.0	0.9411764705882353	1.0	1.0	1.0	
Western x Glaucous-winged Gull (hybrid) (<em class="sci">Larus occidentalis x glaucescens</em>)	0.0	0.05555555555555555	0.15789473684210525	0.19230769230769232	0.2	0.1111111111111111	0.2	0.3333333333333333	0.125	0.125	0.2	0.06666666666666667	0.0	0.0	0.08333333333333333	0.07692307692307693	0.0	0.0	0.0	0.0	0.0	0.0	0.0	0.0	0.0	0.0	0.0	0.0	0.0	0.0	0.0	0.0	0.0	0.16666666666666666	0.1111111111111111	0.15384615384615385	0.23529411764705882	0.09090909090909091	0.2222222222222222	0.4444444444444444	0.25	0.23076923076923078	0.16666666666666666	0.23076923076923078	0.17647058823529413	0.1	0.0	0.0	
Herring x Glaucous-winged Gull (hybrid) (<em class="sci">Larus argentatus x glaucescens</em>)	0.0	0.0	0.0	0.0	0.0	0.0	0.0	0.1111111111111111	0.0	0.0	0.0	0.0	0.0	0.0	0.0	0.0	0.0	0.0	0.0	0.0	0.0	0.0	0.0	0.0	0.0	0.0	0.0	0.0	0.0	0.0	0.0	0.0	0.0	0.0	0.0	0.0	0.0	0.0	0.0	0.0	0.0	0.0	0.0	0.0	0.0	0.0	0.0	0.0	
gull sp. (<em class="sci">Larinae sp.</em>)	0.13333333333333333	0.0	0.05263157894736842	0.07692307692307693	0.06666666666666667	0.0	0.05	0.0	0.25	0.125	0.1	0.0	0.0	0.0	0.0	0.0	0.0	0.0	0.0	0.0	0.0	0.0	0.0	0.0	0.0	0.0	0.0	0.0	0.0	0.0	0.0	0.0	0.0	0.0	0.0	0.0	0.11764705882352941	0.0	0.0	0.0	0.125	0.0	0.0	0.0	0.058823529411764705	0.0	0.0	0.0	
Caspian Tern (<em class="sci">Hydroprogne caspia</em>)	0.0	0.0	0.0	0.0	0.0	0.0	0.0	0.0	0.0	0.0	0.0	0.0	0.0	0.0	0.0	0.0	0.0	0.0	0.0	0.0625	0.0	0.0	0.0	0.0	0.0	0.0	0.0	0.0	0.0	0.0	0.0	0.0	0.0	0.0	0.0	0.0	0.0	0.0	0.0	0.0	0.0	0.0	0.0	0.0	0.0	0.0	0.0	0.0	
Rock Pigeon (<em class="sci">Columba livia</em>)	0.13333333333333333	0.0	0.15789473684210525	0.19230769230769232	0.2	0.2222222222222222	0.2	0.1111111111111111	0.0625	0.0625	0.1	0.26666666666666666	0.2	0.25	0.16666666666666666	0.23076923076923078	0.25	0.2857142857142857	0.0	0.0625	0.0	0.0	0.2	0.0	0.3333333333333333	0.0	0.0	0.25	0.0	0.2	0.3333333333333333	0.2	0.25	0.3333333333333333	0.4444444444444444	0.46153846153846156	0.29411764705882354	0.18181818181818182	0.2222222222222222	0.2222222222222222	0.125	0.0	0.08333333333333333	0.07692307692307693	0.11764705882352941	0.0	0.25	0.0	
Band-tailed Pigeon (<em class="sci">Patagioenas fasciata</em>)	0.0	0.0	0.0	0.0	0.0	0.0	0.0	0.0	0.0	0.0	0.0	0.0	0.0	0.0	0.0	0.0	0.0	0.0	0.0	0.0	0.0	0.0	0.0	0.0	0.0	0.0	0.0	0.0	0.0	0.0	0.0	0.0	0.0	0.0	0.0	0.15384615384615385	0.11764705882352941	0.18181818181818182	0.0	0.0	0.0	0.0	0.0	0.0	0.0	0.0	0.0	0.0	
Eurasian Collared-Dove (<em class="sci">Streptopelia decaocto</em>)	0.0	0.0	0.0	0.0	0.0	0.0	0.0	0.0	0.0	0.0	0.0	0.0	0.0	0.0	0.0	0.07692307692307693	0.0	0.0	0.0015	0.0	0.0	0.0	0.0	0.0	0.0	0.0	0.0	0.0	0.0	0.0	0.0	0.0	0.0	0.0	0.0	0.0	0.058823529411764705	0.09090909090909091	0.0	0.0	0.0	0.0	0.0	0.0	0.0	0.0	0.0	0.0	
Barred Owl (<em class="sci">Strix varia</em>)	0.0	0.0	0.0	0.0	0.0	0.0	0.0	0.0	0.0	0.0	0.0	0.0	0.0	0.0	0.0	0.0	0.0	0.0	0.0	0.0	0.0	0.0	0.0	0.0	0.0	0.0	0.0	0.0	0.0	0.0	0.0	0.0	0.0	0.0	0.0	0.0	0.11764705882352941	0.09090909090909091	0.0	0.1111111111111111	0.0015	0.07692307692307693	0.08333333333333333	0.0	0.058823529411764705	0.0	0.25	0.0	
Common Nighthawk (<em class="sci">Chordeiles minor</em>)	0.0	0.0	0.0	0.0	0.0	0.0	0.0	0.0	0.0	0.0	0.0	0.0	0.0	0.0	0.0	0.0	0.0	0.0	0.0	0.0	0.0	0.0	0.0015	0.0	0.0	0.0	0.0	0.0	0.0	0.0	0.0	0.0	0.0	0.0	0.0	0.0	0.0	0.0	0.0	0.0	0.0	0.0	0.0	0.0	0.0	0.0	0.0	0.0	
Black Swift (<em class="sci">Cypseloides niger</em>)	0.0	0.0	0.0	0.0	0.0	0.0	0.0	0.0	0.0	0.0	0.0	0.0	0.0	0.0	0.0	0.0	0.0	0.0	0.125	0.0	0.0	0.0	0.0015	0.0	0.3333333333333333	0.0	0.14285714285714285	0.0	0.0	0.2	0.0	0.0	0.0	0.0	0.0	0.0	0.0	0.0	0.0	0.0	0.0	0.0	0.0	0.0	0.0	0.0	0.0	0.0	
Vaux's Swift (<em class="sci">Chaetura vauxi</em>)	0.0	0.0	0.0	0.0	0.0	0.0	0.0	0.0	0.0	0.0	0.0	0.0	0.0	0.0	0.0	0.0	0.0	0.0	0.125	0.0	0.0	0.0	0.0	0.0	0.0	0.0	0.0	0.0	0.0	0.0	0.0	0.0	0.0	0.0	0.0	0.0	0.0	0.0	0.0	0.0	0.0	0.0	0.0	0.0	0.0	0.0	0.0	0.0	
Anna's Hummingbird (<em class="sci">Calypte anna</em>)	0.13333333333333333	0.3333333333333333	0.5263157894736842	0.19230769230769232	0.2	0.4444444444444444	0.55	0.4444444444444444	0.375	0.5	0.4	0.26666666666666666	0.4	0.25	0.16666666666666666	0.0	0.25	0.42857142857142855	0.25	0.3125	1.0	1.0	0.6	0.3333333333333333	0.0	0.0	0.2857142857142857	0.5	0.0	0.4	1.0	0.2	0.0	0.6666666666666666	0.3333333333333333	0.46153846153846156	0.23529411764705882	0.2727272727272727	0.4444444444444444	0.4444444444444444	0.1875	0.07692307692307693	0.08333333333333333	0.3076923076923077	0.11764705882352941	0.2	0.25	0.0	
Rufous Hummingbird (<em class="sci">Selasphorus rufus</em>)	0.0	0.0	0.0	0.0	0.0	0.0	0.0	0.0	0.0	0.0	0.0	0.0	0.0	0.08333333333333333	0.25	0.0	0.0	0.0	0.125	0.0	0.0	0.0	0.2	0.16666666666666666	0.0	0.0	0.0	0.0	0.0	0.0	0.0	0.2	0.125	0.0	0.0	0.0	0.0	0.0	0.0	0.0	0.0	0.0	0.0	0.0	0.0	0.0	0.0	0.0	
hummingbird sp. (<em class="sci">Trochilidae sp.</em>)	0.0	0.0	0.0	0.0	0.0	0.0	0.0	0.0	0.0	0.0	0.0	0.06666666666666667	0.0	0.0	0.0	0.0	0.0	0.0	0.125	0.125	0.0	0.0	0.0	0.0	0.3333333333333333	0.0	0.14285714285714285	0.0	0.0	0.0	0.0	0.0	0.0	0.0	0.0	0.0	0.058823529411764705	0.0	0.0	0.0	0.0	0.0	0.0	0.0	0.0	0.0	0.0	0.0	
Belted Kingfisher (<em class="sci">Megaceryle alcyon</em>)	0.0	0.0	0.0	0.0	0.0	0.0	0.0	0.0	0.0	0.0	0.0	0.0	0.0	0.0	0.0	0.0	0.25	0.0	0.0	0.0	0.0	0.0	0.0	0.0	0.3333333333333333	0.0	0.0	0.0	0.0	0.4	0.3333333333333333	0.0	0.0	0.5	0.0	0.15384615384615385	0.058823529411764705	0.0	0.0	0.0	0.0	0.0	0.0	0.0	0.0	0.0	0.0	0.0	
Red-breasted Sapsucker (<em class="sci">Sphyrapicus ruber</em>)	0.0	0.0	0.0	0.0	0.0	0.05555555555555555	0.05	0.0	0.0	0.0	0.0	0.0	0.0	0.0	0.0	0.0	0.0	0.0	0.0	0.0	0.0	0.0	0.0	0.0	0.0	0.0	0.0	0.0	0.0	0.0	0.0	0.0	0.0	0.0	0.0	0.0	0.0	0.0	0.0	0.0	0.0	0.0	0.0	0.0	0.0	0.0	0.0	0.0	
Downy Woodpecker (<em class="sci">Picoides pubescens</em>)	0.3333333333333333	0.5	0.2631578947368421	0.2692307692307692	0.13333333333333333	0.5	0.4	0.1111111111111111	0.1875	0.375	0.4	0.4666666666666667	0.3333333333333333	0.4166666666666667	0.4166666666666667	0.46153846153846156	0.0	0.2857142857142857	0.5	0.1875	0.5	1.0	0.4	0.5	0.3333333333333333	0.0	0.2857142857142857	0.0	0.0	0.0	0.0	0.4	0.125	0.0	0.1111111111111111	0.23076923076923078	0.29411764705882354	0.18181818181818182	0.1111111111111111	0.4444444444444444	0.25	0.46153846153846156	0.25	0.23076923076923078	0.23529411764705882	0.3	0.25	0.3333333333333333	
Northern Flicker (<em class="sci">Colaptes auratus</em>)	0.4666666666666667	0.6111111111111112	0.47368421052631576	0.46153846153846156	0.26666666666666666	0.5555555555555556	0.7	0.7777777777777778	0.5625	0.8125	0.7	0.9333333333333333	0.6666666666666666	0.6666666666666666	0.75	0.5384615384615384	1.0	1.0	0.75	0.75	0.5	1.0	1.0	0.8333333333333334	0.3333333333333333	0.0	0.8571428571428571	0.5	0.0	0.6	0.3333333333333333	0.8	0.75	1.0	0.8888888888888888	0.6923076923076923	0.8823529411764706	0.9090909090909091	0.6666666666666666	0.7777777777777778	0.5	0.6153846153846154	0.4166666666666667	0.46153846153846156	0.7058823529411765	0.7	0.5	0.3333333333333333	
American Kestrel (<em class="sci">Falco sparverius</em>)	0.0	0.0	0.0	0.0	0.0	0.0	0.05	0.0	0.0	0.0	0.0	0.0	0.0	0.0	0.0	0.0	0.0	0.0	0.0	0.0	0.0	0.0	0.0	0.0	0.0	0.0	0.0	0.0	0.0	0.0	0.0	0.0	0.125	0.0	0.0	0.0	0.0	0.0	0.0	0.0	0.0	0.0	0.0	0.0	0.0	0.0	0.0	0.0	
Merlin (<em class="sci">Falco columbarius</em>)	0.0	0.0	0.05263157894736842	0.0	0.0	0.0	0.0015	0.0	0.0625	0.0	0.0	0.0	0.0	0.0	0.0	0.0	0.25	0.0	0.0	0.0	0.0	0.0	0.0	0.0	0.0	0.0	0.14285714285714285	0.0	0.0	0.2	0.0	0.0	0.0	0.3333333333333333	0.0	0.07692307692307693	0.0	0.0	0.0	0.0	0.0	0.0	0.0	0.0	0.0	0.0	0.0	0.0	
Peregrine Falcon (<em class="sci">Falco peregrinus</em>)	0.06666666666666667	0.0	0.0	0.038461538461538464	0.0	0.0	0.0	0.0	0.0	0.0	0.0	0.06666666666666667	0.0	0.0	0.0	0.0	0.0	0.0	0.125	0.0	0.0	0.0	0.0	0.0	0.0	0.0	0.0	0.0	0.0	0.0	0.0	0.0	0.0	0.0	0.0	0.07692307692307693	0.0	0.0	0.0	0.0	0.0	0.0	0.08333333333333333	0.07692307692307693	0.058823529411764705	0.0	0.0	0.0	
falcon sp. (<em class="sci">Falco sp.</em>)	0.0	0.0	0.0	0.0	0.0	0.0	0.05	0.0	0.0	0.0	0.0	0.0	0.0	0.0	0.0	0.0	0.0	0.0	0.0	0.0	0.0	0.0	0.0	0.0	0.0	0.0	0.0	0.0	0.0	0.0	0.0	0.0	0.0	0.0	0.0	0.0	0.0	0.0	0.0	0.0	0.0	0.0	0.0	0.0	0.0	0.0	0.0	0.0	
Olive-sided Flycatcher (<em class="sci">Contopus cooperi</em>)	0.0	0.0	0.0	0.0	0.0	0.0	0.0	0.0	0.0	0.0	0.0	0.0	0.0	0.0	0.0	0.0	0.0	0.0	0.0	0.1875	0.5	0.0	0.0	0.0	0.3333333333333333	0.0	0.0	0.0	0.0	0.0	0.0	0.0	0.0	0.0	0.0	0.0	0.0	0.0	0.0	0.0	0.0	0.0	0.0	0.0	0.0	0.0	0.0	0.0	
Western Wood-Pewee (<em class="sci">Contopus sordidulus</em>)	0.0	0.0	0.0	0.0	0.0	0.0	0.0	0.0	0.0	0.0	0.0	0.0	0.0	0.0	0.0	0.0	0.0	0.2857142857142857	0.5	0.75	0.5	0.5	0.2	0.0	0.0	0.0	0.0	0.0	0.0	0.0	0.3333333333333333	0.4	0.0	0.0	0.0	0.0	0.0	0.0	0.0	0.0	0.0	0.0	0.0	0.0	0.0	0.0	0.0	0.0	
Willow Flycatcher (<em class="sci">Empidonax traillii</em>)	0.0	0.0	0.0	0.0	0.0	0.0	0.0	0.0	0.0	0.0	0.0	0.0	0.0	0.0	0.0	0.0	0.0	0.0	0.0	0.0	0.0	0.5	0.4	0.16666666666666666	0.0	0.0	0.0	0.0	0.0	0.0	0.0	0.0	0.0	0.0	0.0	0.0	0.0	0.0	0.0	0.0	0.0	0.0	0.0	0.0	0.0	0.0	0.0	0.0	
Hammond's Flycatcher (<em class="sci">Empidonax hammondii</em>)	0.0	0.0	0.0	0.0	0.0	0.0	0.0	0.0	0.0	0.0	0.0	0.0	0.0	0.0	0.0	0.0	0.25	0.0	0.0	0.0	0.0	0.0	0.0	0.0	0.0	0.0	0.0	0.0	0.0	0.0	0.0	0.0	0.0	0.0	0.0	0.07692307692307693	0.0	0.0	0.0	0.0	0.0	0.0	0.0	0.0	0.0	0.0	0.0	0.0	
Pacific-slope Flycatcher (<em class="sci">Empidonax difficilis</em>)	0.0	0.0	0.0	0.0	0.0	0.0	0.0	0.0	0.0	0.0	0.0	0.0	0.0	0.0	0.0	0.0	0.0	0.14285714285714285	0.0	0.0625	0.5	1.0	0.2	0.0	0.0	0.0	0.0	0.0	0.0	0.4	0.0	0.0	0.375	0.0	0.0	0.07692307692307693	0.0	0.0	0.0	0.0	0.0	0.0	0.0	0.0	0.0	0.0	0.0	0.0	
Empidonax sp. (<em class="sci">Empidonax sp.</em>)	0.0	0.0	0.0	0.0	0.0	0.0	0.0	0.0	0.0	0.0	0.0	0.0	0.0	0.0	0.08333333333333333	0.07692307692307693	0.0	0.0	0.125	0.0	0.0	0.0	0.0	0.0	0.0	0.0	0.0	0.0	0.0	0.0	0.0	0.0	0.125	0.0	0.1111111111111111	0.07692307692307693	0.0	0.0	0.0	0.0	0.0	0.0	0.0	0.0	0.0	0.0	0.0	0.0	
Hutton's Vireo (<em class="sci">Vireo huttoni</em>)	0.0	0.0	0.0	0.0	0.0	0.0	0.0	0.0	0.0625	0.0	0.0	0.0	0.0	0.0	0.0	0.0	0.0	0.0	0.0	0.0	0.0	0.0	0.0	0.0	0.0	0.0	0.0	0.0	0.0	0.0	0.0	0.0	0.0	0.0	0.0	0.0	0.0	0.0	0.0	0.0	0.0	0.0	0.0	0.0	0.0	0.0	0.0	0.0	
Warbling Vireo (<em class="sci">Vireo gilvus</em>)	0.0	0.0	0.0	0.0	0.0	0.0	0.0	0.0	0.0	0.0	0.0	0.0	0.0	0.0	0.0	0.0	0.5	0.2857142857142857	0.5	0.5625	0.5	1.0	0.8	0.8333333333333334	0.3333333333333333	0.0	0.0	0.25	0.0	0.4	1.0	0.6	0.375	0.5	0.1111111111111111	0.15384615384615385	0.058823529411764705	0.0	0.0	0.0	0.0	0.0	0.0	0.0	0.0	0.0	0.0	0.0	
Steller's Jay (<em class="sci">Cyanocitta stelleri</em>)	0.4	0.2222222222222222	0.21052631578947367	0.19230769230769232	0.26666666666666666	0.2222222222222222	0.3	0.2222222222222222	0.1875	0.1875	0.0	0.6666666666666666	0.2	0.25	0.0	0.0	0.0	0.0	0.0	0.0	0.0	0.0	0.0	0.0	0.3333333333333333	0.0	0.0	0.0	0.0	0.0	0.0	0.2	0.0	0.3333333333333333	0.2222222222222222	0.23076923076923078	0.29411764705882354	0.2727272727272727	0.3333333333333333	0.3333333333333333	0.25	0.07692307692307693	0.16666666666666666	0.0	0.17647058823529413	0.0	0.5	0.0	
Northwestern Crow (<em class="sci">Corvus caurinus</em>)	1.0	1.0	0.9473684210526315	0.9615384615384616	0.9333333333333333	1.0	1.0	0.8888888888888888	0.9375	1.0	1.0	1.0	0.9333333333333333	0.9166666666666666	0.9166666666666666	1.0	1.0	1.0	1.0	0.875	1.0	1.0	1.0	1.0	0.6666666666666666	1.0	1.0	1.0	0.0	1.0	1.0	1.0	0.875	1.0	1.0	1.0	1.0	1.0	1.0	1.0	0.875	1.0	1.0	1.0	1.0	1.0	1.0	0.6666666666666666	
Common Raven (<em class="sci">Corvus corax</em>)	0.13333333333333333	0.16666666666666666	0.21052631578947367	0.11538461538461539	0.06666666666666667	0.16666666666666666	0.5	0.1111111111111111	0.125	0.3125	0.3	0.26666666666666666	0.2	0.25	0.25	0.0	0.0	0.14285714285714285	0.5	0.0625	0.0	0.0	0.4	0.0	0.3333333333333333	0.0	0.0	0.0	0.0	0.0	0.0	0.0	0.125	0.3333333333333333	0.1111111111111111	0.38461538461538464	0.23529411764705882	0.36363636363636365	0.3333333333333333	0.2222222222222222	0.125	0.0	0.16666666666666666	0.0	0.058823529411764705	0.2	0.0	0.3333333333333333	
Horned Lark (<em class="sci">Eremophila alpestris</em>)	0.0	0.0	0.0	0.0	0.0	0.0	0.0	0.0	0.0	0.0	0.0	0.0	0.0	0.0	0.0	0.0	0.0	0.0	0.0	0.0	0.0	0.0	0.0	0.0	0.0	0.0	0.0	0.0	0.0	0.0	0.0	0.0	0.0	0.0	0.0	0.07692307692307693	0.058823529411764705	0.0	0.0	0.0	0.0	0.0	0.0	0.0	0.0	0.0	0.0	0.0	
Northern Rough-winged Swallow (<em class="sci">Stelgidopteryx serripennis</em>)	0.0	0.0	0.0	0.0	0.0	0.0	0.0	0.0	0.0	0.0	0.0	0.0	0.0	0.0	0.25	0.15384615384615385	0.25	0.2857142857142857	0.0	0.1875	0.5	0.0	0.0	0.0	0.0	0.0	0.0	0.0	0.0	0.0	0.0	0.0	0.0	0.0	0.0	0.0	0.0	0.0	0.0	0.0	0.0	0.0	0.0	0.0	0.0	0.0	0.0	0.0	
Tree Swallow (<em class="sci">Tachycineta bicolor</em>)	0.0	0.0	0.0	0.0	0.0	0.0	0.0	0.0	0.0	0.0	0.2	0.7333333333333333	0.8	0.9166666666666666	0.75	0.8461538461538461	1.0	1.0	1.0	0.75	0.5	1.0	0.8	0.8333333333333334	0.3333333333333333	0.0	0.0	0.25	0.0	0.0	0.0	0.0	0.0	0.0	0.0	0.0	0.0	0.0	0.0	0.0	0.0	0.0	0.0	0.0	0.0	0.0	0.0	0.0	
Violet-green Swallow (<em class="sci">Tachycineta thalassina</em>)	0.0	0.0	0.0	0.0	0.0	0.0	0.0	0.0	0.0	0.0	0.0	0.13333333333333333	0.6666666666666666	0.6666666666666666	0.9166666666666666	0.7692307692307693	0.5	1.0	1.0	1.0	1.0	1.0	1.0	1.0	1.0	0.0	0.8571428571428571	0.5	0.0	0.0	0.0	0.0	0.0	0.0	0.0	0.0	0.0	0.0	0.0	0.0	0.0	0.0	0.0	0.0	0.0	0.0	0.0	0.0	
Barn Swallow (<em class="sci">Hirundo rustica</em>)	0.0	0.0	0.0	0.0	0.0	0.05555555555555555	0.0	0.0	0.0	0.0	0.0	0.0	0.0	0.08333333333333333	0.3333333333333333	0.7692307692307693	1.0	1.0	1.0	1.0	1.0	1.0	1.0	1.0	0.3333333333333333	1.0	0.8571428571428571	0.75	0.0	0.8	1.0	1.0	0.5	0.5	0.3333333333333333	0.07692307692307693	0.0	0.0	0.0	0.0	0.0	0.0	0.0	0.0	0.0	0.0	0.0	0.0	
Cliff Swallow (<em class="sci">Petrochelidon pyrrhonota</em>)	0.0	0.0	0.0	0.0	0.0	0.0	0.0	0.0	0.0	0.0	0.0	0.0	0.0	0.0	0.0	0.0	0.25	0.14285714285714285	0.0	0.0	0.0	0.0	0.0	0.0	0.0	0.0	0.0	0.0	0.0	0.0	0.0	0.0	0.0	0.0	0.0	0.0	0.0	0.0	0.0	0.0	0.0	0.0	0.0	0.0	0.0	0.0	0.0	0.0	
swallow sp. (<em class="sci">Hirundinidae sp.</em>)	0.0	0.0	0.0	0.0	0.0	0.0	0.0	0.0	0.0	0.0	0.0	0.13333333333333333	0.0	0.0	0.0	0.0	0.0	0.0	0.0	0.0	0.0	0.0	0.0	0.0	0.0	0.0	0.0	0.0	0.0	0.0	0.0	0.0	0.0	0.0	0.0	0.0	0.0	0.0	0.0	0.0	0.0	0.0	0.0	0.0	0.0	0.0	0.0	0.0	
Black-capped Chickadee (<em class="sci">Poecile atricapillus</em>)	0.8	0.8888888888888888	0.7368421052631579	0.9230769230769231	0.8666666666666667	0.8888888888888888	0.9	0.8888888888888888	0.875	0.9375	1.0	1.0	0.9333333333333333	0.75	0.8333333333333334	0.9230769230769231	1.0	1.0	1.0	0.75	1.0	1.0	1.0	1.0	0.6666666666666666	1.0	0.8571428571428571	1.0	0.0	0.6	1.0	1.0	0.875	1.0	1.0	0.9230769230769231	0.8823529411764706	1.0	0.8888888888888888	0.8888888888888888	0.75	0.9230769230769231	1.0	0.9230769230769231	1.0	1.0	1.0	0.3333333333333333	
Bushtit (<em class="sci">Psaltriparus minimus</em>)	0.3333333333333333	0.16666666666666666	0.3684210526315789	0.15384615384615385	0.4	0.2222222222222222	0.55	0.1111111111111111	0.375	0.75	0.5	0.8666666666666667	0.8666666666666667	0.75	0.6666666666666666	0.46153846153846156	0.75	1.0	0.875	0.625	1.0	1.0	1.0	1.0	0.6666666666666666	1.0	0.5714285714285714	0.75	0.0	0.4	0.6666666666666666	0.4	0.625	0.5	0.2222222222222222	0.5384615384615384	0.23529411764705882	0.2727272727272727	0.5555555555555556	0.5555555555555556	0.625	0.23076923076923078	0.4166666666666667	0.3076923076923077	0.5882352941176471	0.2	0.5	0.3333333333333333	
Red-breasted Nuthatch (<em class="sci">Sitta canadensis</em>)	0.0	0.0	0.0	0.0	0.0	0.0	0.0	0.0	0.0	0.0	0.0	0.06666666666666667	0.0	0.0	0.0	0.0	0.0	0.0	0.0	0.0625	0.0	0.0	0.0	0.0	0.0	0.0	0.0	0.0	0.0	0.0	0.0	0.0	0.375	0.0	0.1111111111111111	0.07692307692307693	0.058823529411764705	0.0	0.0	0.0	0.0	0.0	0.0	0.0	0.0	0.0	0.0	0.0	
Brown Creeper (<em class="sci">Certhia americana</em>)	0.06666666666666667	0.05555555555555555	0.0	0.0	0.13333333333333333	0.05555555555555555	0.0	0.0	0.0625	0.1875	0.0	0.06666666666666667	0.0	0.0	0.0	0.0	0.0	0.0	0.0	0.0	0.0	0.0	0.0	0.0	0.0	0.0	0.0	0.0	0.0	0.0	0.0	0.2	0.125	0.0	0.0	0.0	0.0	0.0	0.0	0.1111111111111111	0.0625	0.0	0.08333333333333333	0.0	0.11764705882352941	0.0	0.0	0.0	
Pacific Wren (<em class="sci">Troglodytes pacificus</em>)	0.7333333333333333	0.5555555555555556	0.47368421052631576	0.6153846153846154	0.6	0.6666666666666666	0.55	0.6666666666666666	0.3125	0.4375	0.6	0.3333333333333333	0.13333333333333333	0.0	0.16666666666666666	0.0	0.25	0.0	0.25	0.0625	0.0	0.0	0.0	0.0	0.0	0.0	0.0	0.0	0.0	0.0	0.0	0.0	0.0	0.0	0.0	0.0	0.35294117647058826	0.5454545454545454	0.7777777777777778	1.0	0.625	0.8461538461538461	0.9166666666666666	0.9230769230769231	0.6470588235294118	0.6	0.75	0.3333333333333333	
Marsh Wren (<em class="sci">Cistothorus palustris</em>)	0.0	0.0	0.0	0.0	0.0	0.0	0.0	0.0	0.0	0.0	0.0	0.0015	0.0	0.0	0.0	0.0	0.0	0.0	0.0	0.0	0.0	0.0	0.0	0.0	0.0	0.0	0.0	0.0	0.0	0.0	0.0	0.0	0.0	0.0	0.0	0.0	0.0	0.0	0.0	0.0	0.0	0.0	0.0	0.0	0.0	0.0	0.0	0.0	
Golden-crowned Kinglet (<em class="sci">Regulus satrapa</em>)	0.6	0.4444444444444444	0.47368421052631576	0.038461538461538464	0.26666666666666666	0.2777777777777778	0.3	0.2222222222222222	0.25	0.4375	0.1	0.4666666666666667	0.4666666666666667	0.25	0.08333333333333333	0.0	0.0	0.0	0.0	0.0	0.0	0.0	0.0	0.3333333333333333	0.0	0.0	0.0	0.0	0.0	0.0	0.0	0.0	0.0	0.0	0.2222222222222222	0.46153846153846156	0.7647058823529411	0.2727272727272727	0.6666666666666666	0.7777777777777778	0.5	0.7692307692307693	0.8333333333333334	0.8461538461538461	0.6470588235294118	0.7	0.75	0.0	
Ruby-crowned Kinglet (<em class="sci">Regulus calendula</em>)	0.0	0.05555555555555555	0.05263157894736842	0.07692307692307693	0.2	0.16666666666666666	0.3	0.3333333333333333	0.3125	0.5	0.7	0.8666666666666667	0.8	0.6666666666666666	0.75	0.6153846153846154	0.5	0.0	0.0	0.0	0.0	0.0	0.0	0.0	0.0	0.0	0.0	0.0	0.0	0.0	0.0	0.0	0.0	0.16666666666666666	0.1111111111111111	0.38461538461538464	0.5882352941176471	0.6363636363636364	0.7777777777777778	0.6666666666666666	0.4375	0.46153846153846156	0.5	0.5384615384615384	0.17647058823529413	0.1	0.0	0.3333333333333333	
Swainson's Thrush (<em class="sci">Catharus ustulatus</em>)	0.0	0.0	0.0	0.0	0.0	0.0	0.0	0.0	0.0	0.0	0.0	0.0	0.0	0.0	0.0	0.0	0.0	0.0	0.0	0.0	0.0	0.0	0.0015	0.0	0.0	0.0	0.0	0.25	0.0	0.0	0.0	0.0	0.0	0.0	0.0	0.0	0.0	0.0	0.0	0.0	0.0	0.0	0.0	0.0	0.0	0.0	0.0	0.0	
Hermit Thrush (<em class="sci">Catharus guttatus</em>)	0.0	0.0	0.0	0.0	0.0	0.0	0.0	0.0	0.0	0.0	0.0	0.06666666666666667	0.0	0.0	0.0	0.07692307692307693	0.0	0.0	0.0	0.0	0.0	0.0	0.0	0.0	0.0	0.0	0.0	0.0	0.0	0.0	0.0	0.0	0.0	0.0	0.0	0.0	0.23529411764705882	0.18181818181818182	0.0	0.2222222222222222	0.0625	0.0	0.0	0.0	0.0	0.0	0.0	0.0	
American Robin (<em class="sci">Turdus migratorius</em>)	0.4666666666666667	0.5	0.631578947368421	0.5769230769230769	0.8666666666666667	0.7222222222222222	0.85	0.7777777777777778	0.9375	0.875	0.9	1.0	0.9333333333333333	1.0	0.9166666666666666	0.6923076923076923	1.0	1.0	1.0	1.0	1.0	1.0	1.0	1.0	0.3333333333333333	1.0	0.2857142857142857	0.75	0.0	0.0	0.3333333333333333	0.4	0.625	0.0	0.3333333333333333	0.38461538461538464	0.7647058823529411	1.0	0.6666666666666666	0.6666666666666666	0.1875	0.38461538461538464	0.16666666666666666	0.38461538461538464	0.29411764705882354	0.2	0.5	0.0	
Varied Thrush (<em class="sci">Ixoreus naevius</em>)	0.06666666666666667	0.1111111111111111	0.10526315789473684	0.11538461538461539	0.13333333333333333	0.05555555555555555	0.05	0.1111111111111111	0.0625	0.125	0.2	0.13333333333333333	0.0	0.0	0.0	0.0	0.0	0.14285714285714285	0.0	0.0	0.0	0.0	0.0	0.0	0.0	0.0	0.0	0.0	0.0	0.0	0.0	0.0	0.0	0.0	0.0	0.0	0.23529411764705882	0.09090909090909091	0.0	0.2222222222222222	0.125	0.15384615384615385	0.0	0.0	0.058823529411764705	0.0	0.0	0.3333333333333333	
European Starling (<em class="sci">Sturnus vulgaris</em>)	0.4666666666666667	0.4444444444444444	0.5263157894736842	0.46153846153846156	0.6666666666666666	0.6666666666666666	0.8	0.7777777777777778	0.75	0.625	0.4	0.9333333333333333	0.7333333333333333	0.8333333333333334	0.9166666666666666	0.7692307692307693	0.75	0.8571428571428571	0.875	0.625	0.5	0.5	0.4	0.16666666666666666	0.3333333333333333	0.0	0.0	0.0	0.0	0.0	0.0	0.0	0.125	0.5	0.3333333333333333	0.15384615384615385	0.5294117647058824	0.7272727272727273	0.7777777777777778	0.6666666666666666	0.3125	0.15384615384615385	0.3333333333333333	0.6923076923076923	0.5294117647058824	0.6	1.0	1.0	
American Pipit (<em class="sci">Anthus rubescens</em>)	0.0	0.0	0.0	0.0	0.0	0.0	0.0	0.0	0.0	0.0	0.0	0.0	0.0	0.0	0.0	0.0	0.0	0.0	0.0	0.0	0.0	0.0	0.0	0.0	0.0	0.0	0.0	0.0	0.0	0.0	0.0	0.0	0.0	0.16666666666666666	0.0	0.0	0.11764705882352941	0.09090909090909091	0.3333333333333333	0.0	0.0	0.07692307692307693	0.0	0.0	0.0	0.0	0.0	0.0	
Cedar Waxwing (<em class="sci">Bombycilla cedrorum</em>)	0.0	0.0	0.05263157894736842	0.0	0.0	0.0	0.0	0.0	0.0	0.0	0.0	0.0	0.0	0.08333333333333333	0.08333333333333333	0.0	0.0	0.14285714285714285	0.125	0.375	1.0	1.0	0.2	0.0	0.0	1.0	0.42857142857142855	0.25	0.0	0.0	0.0	0.2	0.0	0.0	0.2222222222222222	0.07692307692307693	0.4117647058823529	0.45454545454545453	0.1111111111111111	0.1111111111111111	0.125	0.0	0.0	0.0	0.0	0.0	0.0	0.0	
Lapland Longspur (<em class="sci">Calcarius lapponicus</em>)	0.0	0.0	0.0	0.0	0.0	0.0	0.0	0.0	0.0	0.0	0.0	0.0	0.0	0.0	0.0	0.0	0.0	0.0	0.0	0.0	0.0	0.0	0.0	0.0	0.0	0.0	0.0	0.0	0.0	0.0	0.0	0.0	0.0	0.0	0.0	0.0	0.0	0.0	0.1111111111111111	0.0	0.0	0.0	0.0	0.0	0.0	0.0	0.0	0.0	
Orange-crowned Warbler (<em class="sci">Oreothlypis celata</em>)	0.0	0.0	0.0	0.0	0.0	0.0	0.0	0.0	0.0	0.0	0.0	0.0	0.06666666666666667	0.16666666666666666	0.4166666666666667	0.3076923076923077	0.5	0.2857142857142857	0.375	0.125	0.0	0.0	0.0	0.0	0.0	0.0	0.0	0.25	0.0	0.0	0.6666666666666666	0.8	0.625	0.5	0.5555555555555556	0.07692307692307693	0.29411764705882354	0.09090909090909091	0.0	0.1111111111111111	0.0	0.0	0.0	0.0	0.0	0.0	0.0	0.0	
MacGillivray's Warbler (<em class="sci">Geothlypis tolmiei</em>)	0.0	0.0	0.0	0.0	0.0	0.0	0.0	0.0	0.0	0.0	0.0	0.0	0.0	0.0	0.0	0.0	0.0	0.0	0.0	0.0	0.0	0.0	0.0	0.0	0.0	0.0	0.0	0.0	0.0	0.0	0.3333333333333333	0.0	0.0	0.0	0.1111111111111111	0.0	0.0	0.0	0.0	0.0	0.0	0.0	0.0	0.0	0.0	0.0	0.0	0.0	
Common Yellowthroat (<em class="sci">Geothlypis trichas</em>)	0.0	0.0	0.0	0.0	0.0	0.0	0.0	0.0	0.0	0.0	0.0	0.0	0.0	0.0	0.0	0.23076923076923078	0.0	0.0	0.0	0.0625	0.0	0.0	0.0	0.0	0.0	0.0	0.0	0.25	0.0	0.0	0.0	0.0	0.0	0.0	0.2222222222222222	0.07692307692307693	0.0	0.0	0.0	0.0	0.0	0.0	0.0	0.0	0.0	0.0	0.0	0.0	
Yellow Warbler (<em class="sci">Setophaga petechia</em>)	0.0	0.0	0.0	0.0	0.0	0.0	0.0	0.0	0.0	0.0	0.0	0.0	0.0	0.0	0.0	0.0	0.0	0.2857142857142857	0.25	0.5625	0.5	0.5	0.2	0.16666666666666666	0.0	0.0	0.14285714285714285	0.0	0.0	0.4	0.3333333333333333	0.4	0.0	0.5	0.1111111111111111	0.0	0.11764705882352941	0.0	0.0	0.0	0.0	0.0	0.0	0.0	0.0	0.0	0.0	0.0	
Yellow-rumped Warbler (<em class="sci">Setophaga coronata</em>)	0.0	0.0	0.0	0.0	0.0	0.0	0.0	0.0	0.0	0.0	0.1	0.4	0.7333333333333333	0.75	0.8333333333333334	0.8461538461538461	0.75	0.7142857142857143	0.25	0.1875	0.0	0.0	0.0	0.0	0.0	0.0	0.14285714285714285	0.0	0.0	0.0	0.0	0.0	0.0	0.16666666666666666	0.3333333333333333	0.7692307692307693	0.7647058823529411	0.8181818181818182	0.4444444444444444	0.3333333333333333	0.0625	0.15384615384615385	0.08333333333333333	0.0	0.0	0.0	0.0	0.0	
Black-throated Gray Warbler (<em class="sci">Setophaga nigrescens</em>)	0.0	0.0	0.0	0.0	0.0	0.0	0.0	0.0	0.0	0.0	0.0	0.0	0.0	0.0	0.0	0.0	0.0	0.0	0.0	0.0	0.0	0.0	0.0	0.0	0.0	0.0	0.0	0.0	0.0	0.0	0.3333333333333333	0.4	0.0	0.0	0.3333333333333333	0.23076923076923078	0.058823529411764705	0.0	0.0	0.0	0.0	0.0	0.0	0.0	0.0	0.0	0.0	0.0	
Townsend's Warbler (<em class="sci">Setophaga townsendi</em>)	0.0	0.0	0.0	0.0	0.0	0.0	0.0	0.0	0.0	0.0	0.0	0.0	0.0	0.0	0.0	0.0	0.0	0.0	0.125	0.0	0.0	0.0	0.0	0.0	0.0	0.0	0.0	0.0	0.0	0.0	0.0	0.0	0.0	0.0	0.0	0.07692307692307693	0.0	0.0	0.0	0.0	0.0	0.0	0.0	0.0	0.0	0.0	0.0	0.0	
Wilson's Warbler (<em class="sci">Cardellina pusilla</em>)	0.0	0.0	0.0	0.0	0.0	0.0	0.0	0.0	0.0	0.0	0.0	0.0	0.0	0.0	0.0	0.15384615384615385	0.5	1.0	0.625	0.75	0.0	0.0	0.0	0.0	0.0	0.0	0.0	0.0	0.0	0.0	0.6666666666666666	0.4	0.25	0.0	0.1111111111111111	0.0	0.0	0.0	0.0	0.0	0.0	0.0	0.0	0.0	0.0	0.0	0.0	0.0	
warbler sp. (<em class="sci">Parulinae sp.</em>)	0.0	0.0	0.0	0.0	0.0	0.0	0.0	0.0	0.0	0.0	0.0	0.0	0.0	0.0	0.0	0.0	0.0	0.0	0.0	0.0	0.0	0.0	0.0	0.0	0.0	0.0	0.0	0.0	0.0	0.0	0.0	0.0	0.125	0.0	0.0	0.07692307692307693	0.0	0.0	0.0	0.0	0.0	0.0	0.0	0.0	0.0	0.0	0.0	0.0	
Spotted Towhee (<em class="sci">Pipilo maculatus</em>)	0.5333333333333333	0.5	0.3157894736842105	0.38461538461538464	0.13333333333333333	0.5555555555555556	0.55	0.1111111111111111	0.375	0.375	0.3	0.0	0.13333333333333333	0.0	0.0	0.0	0.0	0.0	0.0	0.0	0.0	0.0	0.0	0.0	0.0	0.0	0.0	0.0	0.0	0.0	0.0	0.0	0.0	0.0	0.2222222222222222	0.3076923076923077	0.5294117647058824	0.5454545454545454	1.0	0.6666666666666666	0.5625	0.7692307692307693	0.6666666666666666	0.6153846153846154	0.4117647058823529	0.4	0.75	0.3333333333333333	
American Tree Sparrow (<em class="sci">Spizella arborea</em>)	0.0	0.0	0.0	0.0	0.0	0.0	0.0	0.0	0.0	0.0	0.0	0.0	0.0	0.0	0.0	0.0	0.0	0.0	0.0	0.0	0.0	0.0	0.0	0.0	0.0	0.0	0.0	0.0	0.0	0.0	0.0	0.0	0.0	0.0	0.0	0.0	0.0	0.0	0.1111111111111111	0.0	0.0	0.0	0.0	0.0	0.0	0.0	0.0	0.0	
Savannah Sparrow (<em class="sci">Passerculus sandwichensis</em>)	0.0	0.0	0.0	0.0	0.0	0.05555555555555555	0.0	0.0	0.0	0.0	0.0	0.0	0.0	0.0	0.0	0.07692307692307693	0.0	0.14285714285714285	0.125	0.0	0.0	0.0	0.0	0.0	0.0	0.0	0.0	0.0	0.0	0.0	0.0	0.0	0.125	0.0	0.2222222222222222	0.07692307692307693	0.17647058823529413	0.18181818181818182	0.0	0.0	0.0	0.0	0.0	0.0	0.0	0.0	0.0	0.0	
Fox Sparrow (<em class="sci">Passerella iliaca</em>)	0.4	0.3333333333333333	0.3157894736842105	0.4230769230769231	0.4666666666666667	0.6111111111111112	0.45	0.1111111111111111	0.1875	0.4375	0.5	0.6	0.3333333333333333	0.16666666666666666	0.4166666666666667	0.38461538461538464	0.0	0.14285714285714285	0.0	0.0	0.0	0.0	0.0	0.0	0.0	0.0	0.0	0.0	0.0	0.0	0.0	0.0	0.0	0.3333333333333333	0.2222222222222222	0.23076923076923078	0.5882352941176471	0.9090909090909091	0.7777777777777778	0.4444444444444444	0.5625	0.6923076923076923	0.5833333333333334	0.7692307692307693	0.5882352941176471	0.5	0.75	0.3333333333333333	
Song Sparrow (<em class="sci">Melospiza melodia</em>)	0.8666666666666667	0.8888888888888888	0.7894736842105263	0.7307692307692307	0.9333333333333333	1.0	0.9	0.8888888888888888	0.875	0.9375	0.9	1.0	1.0	0.9166666666666666	0.9166666666666666	0.8461538461538461	1.0	1.0	1.0	1.0	1.0	1.0	1.0	1.0	0.3333333333333333	1.0	0.7142857142857143	0.75	0.0	0.2	0.3333333333333333	0.6	0.625	1.0	0.8888888888888888	0.9230769230769231	1.0	0.9090909090909091	1.0	1.0	0.8125	1.0	1.0	1.0	0.8823529411764706	1.0	1.0	0.3333333333333333	
Lincoln's Sparrow (<em class="sci">Melospiza lincolnii</em>)	0.0	0.0	0.0	0.0	0.0	0.0	0.0	0.0	0.0	0.0	0.0	0.0	0.0	0.0	0.0	0.15384615384615385	0.0	0.0	0.0	0.0	0.0	0.0	0.0	0.0	0.0	0.0	0.0	0.0	0.0	0.0	0.0	0.2	0.25	0.3333333333333333	0.3333333333333333	0.38461538461538464	0.17647058823529413	0.09090909090909091	0.2222222222222222	0.0	0.0	0.0	0.08333333333333333	0.0	0.0	0.0	0.0	0.0	
White-throated Sparrow (<em class="sci">Zonotrichia albicollis</em>)	0.0	0.0	0.0	0.0	0.0	0.0	0.0	0.0	0.0	0.0	0.0	0.0	0.0	0.0	0.0	0.0	0.0	0.0	0.0	0.0	0.0	0.0	0.0	0.0	0.0	0.0	0.0	0.0	0.0	0.0	0.0	0.0	0.0	0.0	0.0	0.0	0.058823529411764705	0.36363636363636365	0.1111111111111111	0.0	0.0	0.07692307692307693	0.0	0.0	0.0	0.0	0.0	0.3333333333333333	
White-crowned Sparrow (<em class="sci">Zonotrichia leucophrys</em>)	0.0	0.05555555555555555	0.05263157894736842	0.038461538461538464	0.0	0.1111111111111111	0.0	0.0	0.0	0.0625	0.1	0.0	0.13333333333333333	0.08333333333333333	0.08333333333333333	0.46153846153846156	0.5	0.5714285714285714	0.25	0.0625	0.0	0.0	0.0	0.0	0.0	0.0	0.0	0.0	0.0	0.0	0.0	0.0	0.0	0.16666666666666666	0.2222222222222222	0.15384615384615385	0.11764705882352941	0.18181818181818182	0.0	0.2222222222222222	0.0	0.0	0.08333333333333333	0.0	0.0	0.0	0.0	0.0	
Golden-crowned Sparrow (<em class="sci">Zonotrichia atricapilla</em>)	0.3333333333333333	0.2222222222222222	0.2631578947368421	0.11538461538461539	0.26666666666666666	0.3333333333333333	0.15	0.3333333333333333	0.1875	0.3125	0.2	0.26666666666666666	0.2	0.16666666666666666	0.3333333333333333	0.46153846153846156	0.0	0.0	0.0	0.0	0.0	0.0	0.0	0.0	0.0	0.0	0.0	0.0	0.0	0.0	0.0	0.0	0.0	0.16666666666666666	0.2222222222222222	0.38461538461538464	0.5294117647058824	0.6363636363636364	0.7777777777777778	0.7777777777777778	0.3125	0.23076923076923078	0.4166666666666667	0.6923076923076923	0.47058823529411764	0.4	0.5	0.0	
Dark-eyed Junco (<em class="sci">Junco hyemalis</em>)	0.7333333333333333	0.3333333333333333	0.3157894736842105	0.5769230769230769	0.4	0.4444444444444444	0.65	0.7777777777777778	0.5625	0.6875	0.4	0.6666666666666666	0.06666666666666667	0.25	0.08333333333333333	0.0	0.0	0.0	0.0	0.0	0.0	0.0	0.0	0.0	0.0	0.0	0.0	0.0	0.0	0.0	0.0	0.0	0.0	0.0	0.0	0.15384615384615385	0.5882352941176471	0.8181818181818182	0.8888888888888888	0.8888888888888888	0.6875	0.6923076923076923	0.8333333333333334	0.6923076923076923	0.8235294117647058	0.6	1.0	0.6666666666666666	
Western Tanager (<em class="sci">Piranga ludoviciana</em>)	0.0	0.0	0.0	0.0	0.0	0.0	0.0	0.0	0.0	0.0	0.0	0.0	0.0	0.0	0.0	0.0	0.0	0.0	0.25	0.1875	0.5	0.0	0.0	0.0	0.0	0.0	0.0	0.0	0.0	0.0	0.3333333333333333	0.4	0.125	0.3333333333333333	0.0	0.0	0.0	0.0	0.0	0.0	0.0	0.0	0.0	0.0	0.0	0.0	0.0	0.0	
Black-headed Grosbeak (<em class="sci">Pheucticus melanocephalus</em>)	0.0	0.0	0.0	0.0	0.0	0.0	0.0	0.0	0.0	0.0	0.0	0.0	0.0	0.0	0.0	0.0	0.0	0.0	0.0	0.0	0.0	0.5	0.2	0.0	0.0	0.0	0.0	0.0	0.0	0.0	0.0	0.0	0.0	0.0	0.0	0.0	0.0	0.0	0.0	0.0	0.0	0.0	0.0	0.0	0.0	0.0	0.0	0.0	
Red-winged Blackbird (<em class="sci">Agelaius phoeniceus</em>)	0.4666666666666667	0.4444444444444444	0.7894736842105263	0.8846153846153846	0.9333333333333333	1.0	1.0	0.8888888888888888	0.9375	1.0	1.0	1.0	1.0	0.9166666666666666	1.0	1.0	1.0	1.0	1.0	0.9375	1.0	1.0	1.0	1.0	1.0	1.0	0.8571428571428571	1.0	0.0	0.2	0.3333333333333333	0.0	0.0	0.16666666666666666	0.1111111111111111	0.38461538461538464	0.7058823529411765	0.7272727272727273	0.7777777777777778	0.6666666666666666	0.75	0.8461538461538461	0.75	0.6923076923076923	0.6470588235294118	1.0	1.0	0.6666666666666666	
Western Meadowlark (<em class="sci">Sturnella neglecta</em>)	0.0	0.0	0.0	0.0	0.0	0.0	0.0	0.0	0.0	0.0	0.0	0.0	0.0	0.0	0.0	0.0	0.0	0.0	0.0	0.25	0.0	0.0	0.0	0.0	0.0	0.0	0.0	0.0	0.0	0.0	0.0	0.0	0.0	0.0	0.0	0.0	0.0	0.0	0.0	0.0	0.0	0.0	0.0	0.0	0.0	0.0	0.0	0.0	
Yellow-headed Blackbird (<em class="sci">Xanthocephalus xanthocephalus</em>)	0.0	0.0	0.0	0.0	0.0	0.0	0.0	0.0	0.0	0.0	0.0	0.0	0.0	0.0	0.0	0.15384615384615385	0.0	0.0	0.0	0.0	0.0	0.0	0.0	0.0	0.0	0.0	0.0	0.0	0.0	0.0	0.0	0.0	0.0	0.0	0.0	0.0	0.0	0.0	0.0	0.0	0.0	0.0	0.0	0.0	0.0	0.0	0.0	0.0	
Brewer's Blackbird (<em class="sci">Euphagus cyanocephalus</em>)	0.0	0.0	0.0	0.038461538461538464	0.06666666666666667	0.0	0.0	0.0	0.0	0.0	0.0	0.0	0.0	0.0	0.0	0.0	0.0	0.0	0.0	0.0	0.0	0.0	0.0	0.0	0.0	0.0	0.0	0.0	0.0	0.0	0.0	0.0	0.0	0.0	0.0	0.0	0.0	0.0	0.0	0.0	0.0	0.0	0.0	0.0	0.0	0.0	0.0	0.0	
Brown-headed Cowbird (<em class="sci">Molothrus ater</em>)	0.0	0.0	0.0	0.0	0.0	0.0	0.0	0.0	0.0	0.0	0.0	0.0	0.0	0.08333333333333333	0.08333333333333333	0.3076923076923077	0.25	0.7142857142857143	0.5	0.3125	0.5	0.5	0.2	0.5	0.3333333333333333	0.0	0.0	0.0	0.0	0.2	0.0	0.0	0.0	0.0	0.0	0.0	0.0	0.0	0.0	0.0	0.0	0.0	0.0	0.0	0.0	0.0	0.0	0.0	
Bullock's Oriole (<em class="sci">Icterus bullockii</em>)	0.0	0.0	0.0	0.0	0.0	0.0	0.0	0.0	0.0	0.0	0.0	0.0	0.0	0.0	0.0	0.0	0.0	0.0	0.0	0.0	0.0	0.0	0.0	0.0	0.0	0.0	0.0	0.0	0.0	0.2	0.0	0.0	0.0	0.0	0.0	0.0	0.0	0.0	0.0	0.0	0.0	0.0	0.0	0.0	0.0	0.0	0.0	0.0	
Pine Grosbeak (<em class="sci">Pinicola enucleator</em>)	0.0	0.05555555555555555	0.0	0.0	0.0	0.0	0.0	0.0	0.0	0.0	0.0	0.0	0.0	0.0	0.0	0.0	0.0	0.0	0.0	0.0	0.0	0.0	0.0	0.0	0.0	0.0	0.0	0.0	0.0	0.0	0.0	0.0	0.0	0.0	0.0	0.0	0.0	0.0	0.0	0.0	0.0	0.0	0.0	0.0	0.0	0.0	0.0	0.0	
House Finch (<em class="sci">Haemorhous mexicanus</em>)	0.26666666666666666	0.2777777777777778	0.3684210526315789	0.34615384615384615	0.3333333333333333	0.5	0.4	0.4444444444444444	0.4375	0.6875	0.4	0.6	0.5333333333333333	0.16666666666666666	0.5	0.07692307692307693	0.5	0.5714285714285714	0.875	0.375	0.5	1.0	1.0	1.0	0.3333333333333333	0.0	0.8571428571428571	0.75	0.0	0.4	1.0	0.2	0.5	0.3333333333333333	0.4444444444444444	0.07692307692307693	0.5882352941176471	0.7272727272727273	0.4444444444444444	0.3333333333333333	0.4375	0.38461538461538464	0.3333333333333333	0.46153846153846156	0.5882352941176471	0.5	0.75	0.0	
Purple Finch (<em class="sci">Haemorhous purpureus</em>)	0.0	0.05555555555555555	0.0	0.0	0.13333333333333333	0.05555555555555555	0.05	0.1111111111111111	0.0	0.0625	0.2	0.4	0.13333333333333333	0.08333333333333333	0.0	0.0	0.0	0.0	0.0	0.0625	0.5	0.0	0.0	0.0	0.0	0.0	0.0	0.0	0.0	0.0	0.0	0.0	0.0	0.16666666666666666	0.1111111111111111	0.0	0.11764705882352941	0.0	0.0	0.0	0.0	0.0	0.08333333333333333	0.0	0.0	0.1	0.0	0.0	
Red Crossbill (<em class="sci">Loxia curvirostra</em>)	0.0	0.0	0.0	0.0	0.0	0.0	0.0	0.0	0.0	0.0	0.0	0.0	0.0	0.0	0.0	0.0	0.0	0.0	0.0	0.0	0.0	0.0	0.0	0.0	0.0	0.0	0.0	0.0	0.0	0.0	0.0	0.0	0.0	0.0	0.0	0.0	0.0	0.0	0.0	0.0	0.0	0.0	0.0	0.0	0.0	0.0	0.25	0.0	
Common Redpoll (<em class="sci">Acanthis flammea</em>)	0.0	0.05555555555555555	0.0	0.0	0.0	0.0	0.05	0.0	0.0	0.0	0.0	0.0	0.0	0.0	0.0	0.0	0.0	0.0	0.0	0.0	0.0	0.0	0.0	0.0	0.0	0.0	0.0	0.0	0.0	0.0	0.0	0.0	0.0	0.0	0.0	0.0	0.0	0.0	0.0	0.0	0.0	0.0	0.0	0.0	0.058823529411764705	0.1	0.0	0.0	
Pine Siskin (<em class="sci">Spinus pinus</em>)	0.06666666666666667	0.05555555555555555	0.10526315789473684	0.07692307692307693	0.06666666666666667	0.05555555555555555	0.15	0.1111111111111111	0.1875	0.4375	0.3	0.6	0.4	0.16666666666666666	0.3333333333333333	0.15384615384615385	0.25	0.2857142857142857	0.375	0.0625	0.0	0.0	0.2	0.0	0.0	0.0	0.0	0.0	0.0	0.0	0.0	0.0	0.0	0.16666666666666666	0.0	0.0	0.0	0.0	0.1111111111111111	0.0	0.125	0.3076923076923077	0.08333333333333333	0.0	0.11764705882352941	0.0	0.25	0.3333333333333333	
American Goldfinch (<em class="sci">Spinus tristis</em>)	0.4666666666666667	0.4444444444444444	0.3684210526315789	0.23076923076923078	0.4666666666666667	0.3888888888888889	0.6	0.2222222222222222	0.4375	0.625	0.7	1.0	0.7333333333333333	0.6666666666666666	0.5833333333333334	0.38461538461538464	0.75	0.2857142857142857	0.5	0.4375	1.0	1.0	0.8	0.0	0.3333333333333333	0.0	0.5714285714285714	0.75	0.0	0.6	0.3333333333333333	0.8	0.875	1.0	0.8888888888888888	0.8461538461538461	0.8235294117647058	1.0	0.6666666666666666	0.7777777777777778	0.625	0.7692307692307693	0.75	0.6923076923076923	0.7647058823529411	0.4	0.75	0.3333333333333333	
Evening Grosbeak (<em class="sci">Coccothraustes vespertinus</em>)	0.06666666666666667	0.0	0.0	0.0	0.0	0.0	0.0	0.0	0.0	0.0	0.0	0.0	0.0	0.0	0.0	0.0	0.0	0.0	0.0	0.0	0.0	0.0	0.0	0.0	0.0	0.0	0.0	0.0	0.0	0.0	0.0	0.0	0.0	0.0	0.0	0.0	0.0	0.0	0.0	0.0	0.0	0.07692307692307693	0.0	0.0	0.0	0.0	0.0	0.0	
House Sparrow (<em class="sci">Passer domesticus</em>)	0.26666666666666666	0.1111111111111111	0.15789473684210525	0.11538461538461539	0.26666666666666666	0.2222222222222222	0.0	0.1111111111111111	0.1875	0.3125	0.1	0.26666666666666666	0.13333333333333333	0.5	0.4166666666666667	0.38461538461538464	0.5	0.8571428571428571	0.25	0.375	0.5	0.5	0.2	0.5	0.6666666666666666	0.0	0.14285714285714285	0.0	0.0	0.0	0.0	0.0	0.0	0.0	0.1111111111111111	0.0	0.35294117647058826	0.2727272727272727	0.4444444444444444	0.3333333333333333	0.1875	0.23076923076923078	0.3333333333333333	0.46153846153846156	0.23529411764705882	0.3	0.5	0.3333333333333333	

